400000027
450000790
450000370
450000785
920000004
920000023
920000009
450000618
460000012
630000015
530000007
100000003
450000753
450016176
450016204
840000001
450054198
920000005
920000006
450000804
340000005
890000007
360000010
530000024
500000012
400000037
460000022
820000022
980000022
10000001
10000004
920000008
460000015
450044555
450000036
450050166
450043246
920000014
450000423
450039251
450001040
220000004
680000001
450000904
450000699
220000023
810000006
250000021
250000011
630000004
400000042
400000022
400000031
450001198
512003408
400000008
450054460
450000847
450001204
30000056
450000550
450000323
920000028
450000567
450000465
820000068
450000601
450000450
250000008
530000004
870000006
450054889
450043128
450000471
450000505
450042110
190000006
790000007
450000627
460000014
800000015
800000004
270000020
140000005
410000004
320000012
450000499
450000975
470000002
660000004
710000014
280000009
500000013
450055312
450042062
250000004
450000229
920000013
830000007
450000836
940000003
450000373
580000004
780000004
460000023
450000366
580000002
730000006
780000003
450000526
580000003
450001153
450040356
500000011
400000036
400000003
120000003
170000001
170000003
820000012
350000006
220000022
190000010
190000008
200000003
100000004
250000013
450000822
450059021
450016049
350000008
450000116
650000002
410000003
140000007
610000004
360000011
630000019
450000661
450001027
790000015
290000003
450016013
450000507
450000462
870000008
280000004
450000437
450000211
450056517
400000024
450000422
450000845
250000005
70000005
280000007
450000214
50000006
110000006
920000010
450037034
450036566
512007285
450000594
450001176
450043110
450036255
640000001
460000003
600000018
600000016
600000006
710000037
120000004
760000001
450001054
450001295
240000005
820000017
830000004
450000999
70000013
450000421
512009290
512004112
650000014
40000010
40000006
710000020
450000149
450000613
710000002
920000012
910000002
600000010
360000002
450000128
750000003
240000002
30000054
940000021
920000017
512022339
530000010
450000819
450000607
450000466
450000572
450044820
450043115
450000503
450039654
450000630
450000801
520000015
450000696
450001207
910000001
920000021
450000297
450000144
450000588
450000703
640000002
450000940
880000001
900000001
290000006
920000003
920000002
300000002
40000004
710000035
40000012
320000001
370000001
140000001
900000007
650000001
450037016
450043585
120000006
410000008
440000001
820000002
340000002
180000004
450000518
450000754
340000003
220000002
30001398
240000004
40001956
400000035
450034607
750000007
600000020
190001152
820000021
450000686
820000059
780000006
450000977
450000565
250000010
450000528
450000636
30000057
890000008
30000052
30000002
30000023
320000007
320000011
560000005
450000335
370000002
380000005
512031383
450000814
450000203
500000009
450001048
450033307
420000002
450000870
450000580
450000081
450000055
790000012
840000003
830000005
450039455
450001079
450041396
450000536
820000028
500000008
970000002
450001200
450000578
400000018
450000883
450055572
450000534
450000810
450000488
450000854
450000966
450054199
450000439
450000987
190000007
650000022
450000121
450041701
360000009
180000005
40000013
610000003
450000723
512026930
10000005
512005896
450049223
450000712
450000129
450000871
450000573
450000741
450000718
450000842
450000226
450000053
820000042
450038937
450000549
450039645
450000338
460000035
890000003
450000621
470000003
450038230
30000053
450000343
300000006
470000206
830000001
630000021
910000004
930000004
450000410
10000002
450041380
240000003
450001062
450050922
450000299
450041932
450016151
460000032
220000008
750000019
820000023
760000002
650000019
450000291
450000978
460000004
730000007
630000010
530000005
450000605
850000011
730000009
790000004
450000490
490000002
450056393
320000014
30000048
450041928
450000755
450000962
190000001
450000664
180000007
840000005
330000002
450000989
450016148
450001012
450042779
450000130
450000087
450038708
970000017
400000017
220000003
450000138
450001202
860000004
512020991
630000006
450000645
450000610
450000346
30000058
650000032
330000005
450000697
450042935
360001737
450000272
570000002
400000026
400000040
450000554
450038915
10000008
450000393
520000012
500000007
150000001
570000006
400000001
512020638
450000552
50000014
50000002
50000004
710000047
610000007
710000022
450000486
450001070
450000435
690000015
450000927
820000117
630000009
800000012
450000426
190000009
570000013
830000002
450000717
450016122
512021244
220000015
910000006
450000777
450016096
450039452
450016205
400001092
780000165
730000005
450039285
750000008
450039265
450001146
450043406
450001068
450000724
830000069
450000602
610000006
450000563
700000006
520000001
450000347
450000049
450001151
450000097
450000844
450000340
450039042
450001181
450000375
450000044
450001091
450001206
400000023
920000001
30000022
450000622
600000031
80000019
360000025
360001424
600000004
450001172
450000976
450000893
400000041
450041924
70000011
450042606
500000006
450001006
600000017
580000005
450000359
450000945
70000009
910000005
450042459
450000376
460000016
530000014
450001175
180000010
450039252
450001194
50000022
400002619
630000001
220000012
350000004
450000078
450000119
512032451
110000002
450039456
870000001
450000612
190000011
512004380
490000003
600000027
450001209
460000038
920000140
630000008
30001085
40000007
970000014
10000012
520000011
630000020
450000939
450000984
400000014
450000496
650000021
290000004
450000037
490000001
450000860
512000157
750000010
450000033
920000016
190000002
340000004
450040237
450000941
300000005
450000092
360000021
800000005
450000828
450000371
450000946
450000403
700000005
920000018
530000003
70000014
460000028
450043095
140000008
600000021
450001154
450000629
710000026
450057457
710000045
410000006
980000021
400000009
600000003
650000028
320000004
10000011
680000002
920000011
920000020
920000022
910000007
450000691
450000333
450053572
400000005
450000562
450053656
360000003
690000003
280000008
280000005
820000037
450000320
450000632
400000028
450042635
700001135
450000608
320000008
650000017
820000080
512028815
450042006
650000006
750000013
650000005
650000018
650000031
800000010
570000020
450054237
80000007
360000014
200001772
30000027
450016149
400000029
810000010
450000991
450000292
450039653
450000959
450055743
450000319
450000688
450059573
450001067
450000194
10000013
220001768
530000009
640000016
950000001
710000048
220000021
450000650
330000001
450000285
450000634
640000003
950000002
450000561
600000026
450001066
450000025
512020696
512033151
450041927
750000018
750000016
970000003
450016087
450001053
450000278
450000626
400000015
520000016
450000986
630000007
450000265
840000004
512006806
290000009
820000100
920000027
400000043
270000004
450001052
450050374
30000003
710000029
600000002
30003342
450000614
450000005
450051666
512007244
450000494
450000891
780000008