3309
2937
2306
2879
415
1455
1973
2776
2880
2860
1459
1810
3183
3303
2055
1975
3475
2590
2587
3027
680
2529
3006
696
567
53
2119
2491
2602
2388
2659
2070
2593
3452
1326
3460
3443
889
2404
3353
2914
1281
1868
3000
608
732
2632
1067
2990
444
128
3176
436
3224
3505
3038
3480
3138
3255
232
2647
2216
708
2684
2494
2073
2748
2472
1659
3269
1663
3481
3441
2506
2574
3415
2816
841
2799
1717
1398
1006
2929
760
435
2883
2562
2827
1276
1957
1701
777
101
3482
3407
1144
1982
1917
1137
3068
1745
2309
1291
1093
3270
2299
598
524
1084
2605
2368
2726
3398
1704
2
356
1027
903
870
3173
1439
312
992
1896
654
1460
2731
3065
3499
3287
1000
1623
1557
720
1105
2796
2316
3223
354
2919
665
3252
3275
2576
2490
2027
1046
2438
1942
3490
2982
2403
3053
1184
1928
256
1948
843
3307
1972
3338
3330
3511
2738
3061
3439
3328
857
3209
492
1818
2285
990
1765
969
2897
3273
1781
2672
3200
3052
1869
2402
3512
3506
3161
474
2645
1809
1736
2769
918
817
1614
574
2900
2559
568
1763
430
646
1732
3519
1829
3010
2763
2495
2696
3454
3447
2571
3378
2803
3047
2609
600
3266
1618
2705
2166
1724
272
3175
2390
2867
2802
2851
1151
2554
438
545
860
575
1574
96
842
2241
3298
65
3333
3446
1087
2228
149
3184
970
2148
2594
2245
1115
3300
3360
2271
3483
1680
3311
2584
3186
3472
1197
5
793
1165
2905
2682
2499
2607
2849
456
1752
2898
2518
478
2868
1158
609
2254
2568
735
3525
3177
1920
1343
3117
3304
1242
3233
2707
1478
1414
1136
1037
1673
3379
3011
3395
2620
2407
323
3265
3242
2704
197
3028
3484
2618
3163
2543
3171
2956
3473
2440
2877
901
2443
1639
3396
3089
2961
2524
2065
3181
3523
1927
3508
3456
77
1661
3247
2697
912
3314
3172
1978
1411
1751
3344
2646
3365
2258
2468
752
2789
2722
3340
1052
2268
2103
3341
695
1902
2249
1309
2374
2873
3390
1949
3077
3466
2170
3421
3296
3214
1966
3283
1926
1068
1293
2156
2859
2944
2876
931
702
2755
2942
635
840
2546
1352
3492
1747
467
3417
3139
2932
930
370
3202
2650
902
3016
3294
3124
3437
1671
1521
3342
1016
2611
1118
1697
3250
2484
3516
937
3312
2766
2270
518
965
3271
604
3436
3461
2110
875
3306
2551
2655
3343
3166
2347
1189
2534
650
1788
2758
3514
2649
21
3001
2733
537
212
507
2537
2996
2433
2123
3251
2761
538
2638
2410
2728
784
874
3002
3291
3517
1166
2729
3013
3292
3371
103
3430
3413
836
3357
2364
3354
3095
3450
3017
3122
3393
2749
3262
2677
3318
170
2272
1405
3073
1573
3137
226
3349
3099
2312
1354
3204
3257
328
2888
481
2790
2211
783
3324
3401
2813
3098
3207
2829
138
3403
779
3434
1968
3123
469
685
2289
2842
1139
2035
3427
2313
1792
704
3293
2093
3351
3231
85
3468
330
2048
1481
1470
1637
3528
2398
3368
2721
2768
766
3507
2152
106
2034
384
3332
2168
3339
3245
1284
2015
208
2884
2838
2846
3194
2557
705
3329
2664
804
2960
3504
1376
1317
3206
558
963
3397
2830
1329
1555
554
1132
2881
2307
3236
236
2053
2207
1071
1288
2248
3433
1050
2948
2853
2801
2995
3494
588
3235
1249
2304
3136
1635
2085
826
1312
728
480
3058
2756
55
2252
3476
1586
2673
3470
2507
1720
3180
933
2688
2210
2807
3279
3431
3380
2764
2997
1441
2435
3524
3416
153
2964
812
1370
429
2519
249
3479
596
2542
3502
520
3295
3288
1053
2938
2157
3388
3104
3486
2209
533
3500
2989
1885
2063
3457
2208
1143
1049
1971
1114
316
254
2145
2837
503
3037
2670
2225
2983
121
3515
3529
3420
485
493
1280
3290
3116
2136
2798
2530
2949
2998
3085
210
1025
3509
1399
2267
67
52
1307
3048
3463
2772
880
3015
3495
2771
1
3467
3510
2555
3185
2564